001004
001010
001020
001023
001034
001036
001038
001045
001048
001055
001056
001058
001072
001075
001078
001081
001093
001095
001111
001145
001161
001164
001166
001177
001178
001186
001194
001203
001209
001212
001213
001224
001225
001230
001238
001239
001240
001243
001245
001246
001253
001254
001257
001263
001274
001277
001278
001279
001281
001300
001301
001308
001311
001318
001331
001335
001336
001337
001356
001359
001365
001369
001380
001382
001383
001388
001393
001408
001414
001426
001429
001430
001434
001439
001440
001447
001448
001449
001450
001462
001465
001468
001472
001474
001475
001477
001478
001485
001487
001498
001517
001526
001533
001537
001543
001544
001559
001567
001573
001581
001594
001595
001598
001599
001602
001608
001609
001610
001614
001619
001620
001623
001627
001629
001632
001635
001638
001643
001651
001654
001661
001663
001664
001665
001677
001678
001680
001689
001690
001692
001704
001706
001722
001726
001732
001738
001741
001742
001743
001745
001746
001755
001762
001773
001786
001789
001794
001803
001816
001819
001826
001828
001831
001833
001837
001848
001860
001868
001878
001891
001906
001908
001909
001913
001914
001919
001920
001932
001945
001953
001966
001968
001976
001981
001988
001990
001993
001995
001998
002000
002002
002004
002005
002006
002011
002014
002017
002019
002021
002022
002024
002025
002029
002032
002033
002034
002042
002044
002051
002054
002055
002078
002085
002086
002088
002089
002101
002102
002110
002111
002122
002128
002135
002136
002137
002141
002142
002146
002147
002150
002154
002159
002169
002176
002184
002185
002189
002190
002193
002201
002202
002204
002207
002213
002214
002220
002221
002222
002226
002230
002255
002259
002262
002263
002264
002269
002270
002271
002281
002285
002290
002294
002312
002316
002321
002322
002328
002329
002337
002338
002345
002346
002351
002356
002369
002393
002396
002403
002406
002408
002410
002411
002417
002424
002433
002435
002436
002437
002439
002441
002443
002444
002448
002464
002484
002489
002490
002493
002497
002504
002515
002527
002529
002535
002536
002547
002549
002554
002558
002562
002566
002574
002576
002589
002593
002596
002597
002602
002605
002612
002620
002625
002628
002633
002647
002653
002657
002663
002696
002697
002698
002703
002707
002710
002717
002721
002729
002731
002742
002751
002759
002771
002772
002779
002781
002783
002784
002787
002791
002792
002796
002803
002807
002811
002812
002816
002817
002827
002839
002845
002846
002848
002849
002856
002857
002859
002860
002862
002864
002866
002867
002868
002869
002870
002872
002884
002888
002898
002916
002917
002918
002920
002930
002938
002939
002940
002943
002950
002960
002968
002974
002977
002978
002979
002980
002981
002982
002991
002993
002997
003007
003011
003013
003015
003022
003023
003024
003026
003028
003033
003036
003039
003041
003051
003062
003063
003066
003069
003070
003071
003078
003082
003084
003087
003091
003092
003103
003105
003107
003114
003121
003130
003138
003144
003153
003157
003164
003165
003170
003172
003176
003177
003185
003194
003198
003199
003200
003206
003210
003221
003224
003226
003230
003231
003235
003238
003242
003243
003246
003255
003256
003259
003263
003269
003271
003273
003276
003278
003282
003288
003310
003314
003333
003336
003352
003355
003362
003377
003380
003392
003393
003394
003400
003413
003416
003419
003420
003426
003438
003439
003441
003452
003459
003461
003463
003464
003469
003472
003473
003480
003490
003491
003497
003502
003504
003505
003512
003520
003527
003532
003542
003555
003570
003580
003581
003586
003587
003591
003592
003607
003609
003610
003618
003619
003627
003637
003643
003646
003650
003666
003684
003686
003705
003708
003713
003716
003730
003732
003734
003735
003746
003747
003756
003760
003769
003782
003786
003799
003810
003813
003814
003821
003835
003836
003837
003840
003848
003849
003851
003863
003868
003878
003886
003897
003911
003914
003918
003925
003930
003931
003937
003938
003946
003949
003955
003964
003980
003999
004001
004016
004017
004019
004025
004029
004034
004036
004040
004041
004049
004050
004058
004060
004061
004062
004065
004066
004072
004073
004078
004079
004087
004091
004093
004094
004103
004108
004110
004115
004119
004132
004145
004153
004160
004168
004183
004187
004189
004194
004199
004201
004204
004205
004207
004213
004218
004222
004241
004242
004245
004302
004306
004313
004321
004323
004327
004331
004351
004367
004371
004383
004393
004404
004412
004414
004423
004425
004430
004439
004443
004455
004460
004462
004467
004503
004506
004510
004515
004517
004523
004535
004545
004546
004553
004555
004560
004577
004581
004584
004592
004595
004596
004598
004599
004600
004601
004603
004605
004611
004612
004622
004631
004635
004640
004641
004652
004666
004669
004672
004674
004675
004678
004679
004680
004682
004685
004689
004691
004692
004694
004699
004700
004703
004704
004708
004710
004712
004715
004723
004736
004737
004739
004740
004742
004743
004746
004751
004764
004768
004769
004790
004798
004799
004800
004803
004809
004818
004819
004822
004828
004836
004839
004840
004842
004843
004844
004850
004856
004864
004875
004885
004887
004895
004907
004920
004921
004925
004926
004932
004940
004941
004946
004954
004961
004968
004988
004990
005012
005013
005018
005020
005032
005038
005044
005046
005047
005048
005053
005059
005060
005063
005071
005072
005073
005074
005075
005077
005079
005080
005087
005090
005091
005092
005093
005094
005095
005096
005097
005098
005099
005100
005101
005103
005107
005109
005122
005134
005135
005139
005141
005142
005149
005152
005158
005169
005179
005180
005184
005187
005208
005211
005216
005229
005234
005235
005243
005245
005247
005250
005256
005272
005275
005277
005284
005291
005292
005293
005301
005306
005307
005314
005321
005330
005331
005334
005338
005342
005343
005349
005354
005361
005362
005377
005378
005379
005385
005386
005387
005417
005420
005433
005439
005445
005453
005464
005468
005482
005492
005496
005501
005503
005505
005508
005518
005525
005526
005527
005536
005543
005545
005553
005554
005558
005560
005563
005564
005567
005568
005572
005581
005589
005592
005597
005600
005606
005608
005619
005639
005643
005650
005662
005667
005671
005680
005686
005687
005691
005692
005693
005709
005711
005718
005723
005726
005734
005735
005742
005743
005744
005750
005764
005767
005768
005770
005772
005774
005775
005776
005783
005786
005791
005793
005803
005808
005822
005823
005824
005825
005826
005827
005847
005848
005851
005860
005861
005862
005863
005870
005875
005876
005877
005878
005885
005894
005895
005903
005905
005914
005915
005918
005920
005921
005924
005940
005959
005968
005976
005980
005986
005987
005996
006003
006005
006008
006025
006034
006036
006038
006041
006044
006062
006066
006069
006078
006081
006082
006083
006089
006096
006097
006102
006104
006109
006115
006116
006117
006121
006125
006127
006135
006136
006140
006145
006158
006171
006172
006173
006174
006178
006179
006180
006186
006196
006197
006198
006207
006210
006213
006217
006218
006223
006226
006229
006239
006241
006242
006251
006253
006266
006268
006282
006285
006286
006288
006291
006297
006304
006307
006310
006319
006326
006331
006333
006334
006335
006337
006338
006346
006347
006351
006354
006357
006375
006376
006382
006386
006397
006402
006403
006418
006424
006427
006430
006435
006439
006461
006475
006478
006490
006492
006494
006495
006502
006506
006509
006512
006528
006529
006531
006532
006534
006539
006541
006547
006552
006557
006562
006565
006571
006579
006603
006627
006628
006635
006639
006649
006653
006654
006667
006669
006682
006686
006701
006714
006715
006725
006730
006731
006733
006736
006737
006742
006743
006753
006765
006768
006771
006774
006781
006782
006788
006790
006791
006796
006797
006799
006803
006807
006809
006811
006817
006819
006821
006823
006825
006829
006830
006834
006837
006854
006856
006861
006863
006864
006865
006867
006870
006873
006877
006878
006900
006906
006908
006912
006913
006918
006919
006920
006926
006928
006929
006932
006934
006946
006964
006972
006980
006994
006998
007005
007007
007008
007017
007021
007032
007040
007043
007045
007063
007065
007066
007067
007077
007083
007085
007086
007093
007099
007112
007114
007116
007123
007125
007127
007128
007133
007139
007146
007148
007152
007154
007155
007171
007173
007180
007186
007199
007203
007206
007216
007221
007228
007229
007238
007239
007241
007252
007253
007254
007256
007257
007260
007261
007267
007273
007276
007302
007304
007316
007317
007319
007321
007322
007326
007333
007343
007346
007363
007365
007366
007368
007370
007373
007375
007379
007380
007387
007392
007401
007408
007409
007422
007431
007433
007435
007437
007440
007446
007448
007449
007450
007451
007456
007458
007466
007471
007475
007476
007477
007507
007509
007527
007533
007536
007537
007545
007549
007553
007554
007555
007562
007566
007567
007571
007574
007585
007589
007590
007609
007617
007620
007636
007637
007641
007642
007647
007648
007650
007652
007658
007665
007668
007671
007672
007679
007689
007691
007696
007711
007720
007723
007724
007727
007733
007739
007741
007743
007745
007750
007761
007769
007770
007772
007773
007795
007798
007815
007824
007831
007837
007839
007840
007846
007851
007852
007862
007864
007866
007873
007875
007881
007882
007892
007897
007904
007906
007908
007912
007919
007922
007923
007933
007935
007936
007946
007951
007955
007965
007967
007970
007973
007974
007977
007978
007980
007982
007985
007988
007989
007991
007993
007994
007996
008000
008001
008003
008005
008007
008008
008009
008015
008020
008030
008031
008040
008044
008049
008050
008062
008067
008068
008079
008092
008093
008095
008097
008099
008101
008102
008113
008118
008123
008126
008128
008133
008145
008150
008151
008159
008169
008171
008173
008184
008186
008188
008199
008202
008210
008213
008214
008215
008219
008222
008224
008233
008240
008245
008247
008248
008253
008264
008265
008272
008273
008274
008275
008280
008283
008286
008287
008290
008299
008304
008305
008324
008325
008326
008331
008333
008341
008344
008347
008348
008350
008357
008358
008363
008382
008387
008399
008404
008429
008431
008434
008439
008440
008445
008446
008450
008452
008453
008455
008456
008458
008461
008463
008468
008470
008471
008475
008479
008486
008488
008496
008504
008505
008512
008514
008515
008523
008526
008530
008536
008537
008539
008542
008543
008544
008546
008549
008551
008571
008575
008577
008579
008585
008593
008594
008596
008599
008606
008617
008622
008626
008627
008633
008638
008642
008644
008647
008655
008657
008658
008662
008674
008675
008676
008681
008692
008693
008694
008702
008716
008717
008736
008740
008745
008746
008749
008750
008762
008770
008785
008787
008789
008793
008794
008804
008806
008807
008808
008809
008810
008814
008818
008821
008822
008823
008824
008833
008852
008853
008859
008867
008873
008889
008898
008902
008912
008919
008932
008935
008937
008950
008960
008965
008972
008974
008989
009004
009027
009043
009055
009058
009061
009063
009064
009067
009069
009082
009083
009089
009098
009103
009104
009110
009111
009112
009113
009114
009125
009135
009142
009147
009155
009167
009168
009180
009194
009195
009196
009200
009203
009215
009217
009218
009224
009236
009248
009255
009256
009258
009280
009284
009285
009293
009297
009299
009301
009302
009303
009313
009340
009351
009355
009357
009358
009359
009367
009368
009371
009372
009373
009378
009380
009382
009392
009401
009402
009403
009406
009408
009411
009432
009434
009441
009444
009445
009458
009459
009465
009466
009472
009480
009509
009514
009522
009532
009537
009542
009545
009548
009549
009555
009556
009563
009564
009566
009577
009589
009599
009602
009611
009612
009613
009614
009645
009652
009653
009654
009656
009666
009667
009673
009674
009682
009689
009691
009692
009699
009716
009719
009746
009747
009771
009772
009774
009775
009777
009778
009783
009792
009810
009815
009818
009819
009828
009830
009831
009835
009837
009838
009841
009842
009844
009846
009848
009849
009850
009854
009857
009860
009861
009862
009863
009864
009867
009872
009879
009880
009882
009889
009890
009899
009900
009902
009904
009906
009911
009921
009930
009947
009952
009963
009965
009967
009977
009985
009988
010000
010001
010002
010004
010005
010016
010035
010043
010053
010066
010071
010082
010091
010093
010095
010096
010097
010108
010115
010121
010132
010137
010142
010144
010150
010153
010156
010160
010163
010174
010187
010190
010199
010212
010221
010227
010232
010243
010247
010252
010269
010270
010275
010277
010292
010301
010318
010323
010326
010327
010332
010385
010391
010393
010398
010399
010405
010407
010408
010411
010412
010419
010422
010426
010437
010442
010443
010447
010453
010466
010482
010484
010485
010488
010490
010491
010495
010498
010499
010500
010501
010502
010503
010507
010508
010511
010516
010519
010530
010537
010540
010552
010553
010565
010567
010571
010576
010578
010580
010581
010585
010588
010597
010599
010601
010603
010607
010608
010614
010618
010621
010622
010631
010634
010639
010640
010645
010647
010658
010665
010669
010670
010671
010672
010677
010678
010686
010690
010692
010705
010717
010719
010721
010723
010726
010735
010743
010744
010750
010757
010764
010769
010774
010787
010789
010793
010795
010798
010799
010809
010813
010815
010816
010817
010821
010822
010828
010830
010839
010845
010846
010855
010857
010859
010860
010862
010863
010867
010868
010870
010877
010880
010884
010885
010888
010889
010894
010896
010900
010903
010905
010908
010909
010915
010916
010920
010931
010946
010949
010950
010954
010955
010969
010970
010972
010974
010978
010980
010981
010983
010984
010985
010986
010987
010988
010990
010991
010992
010993
010999
011012
011017
011024
011030
011032
011038
011040
011049
011052
011056
011060
011062
011080
011090
011091
011094
011096
011113
011117
011124
011140
011142
011162
011166
011173
011188
011191
011213
011217
011218
011220
011228
011229
011245
011247
011257
011258
011259
011261
011264
011269
011271
011274
011278
011284
011288
011295
011296
011297
011299
011300
011301
011304
011306
011315
011317
011318
011321
011323
011328
011334
011340
011347
011359
011360
011366
011371
011378
011379
011380
011384
011389
011391
011396
011399
011403
011406
011413
011416
011424
011427
011435
011436
011440
011443
011446
011448
011450
011453
011456
011462
011463
011465
011466
011482
011483
011502
011503
011506
011509
011513
011519
011531
011535
011537
011538
011548
011550
011552
011553
011554
011555
011558
011559
011566
011584
011590
011600
011609
011615
011628
011636
011641
011644
011649
011657
011669
011670
011672
011678
011687
011691
011712
011716
011721
011729
011731
011747
011749
011753
011768
011770
011771
011778
011781
011787
011800
011807
011808
011814
011815
011817
011818
011823
011828
011842
011852
011854
011856
011861
011862
011866
011877
011892
011895
011896
011903
011910
011914
011923
011925
011931
011944
011971
011979
011985
011993
012042
012045
012053
012060
012061
012064
012074
012075
012077
012090
012098
012099
012100
012102
012103
012108
012114
012118
012123
012124
012126
012136
012140
012141
012142
012144
012146
012151
012161
012171
012173
012174
012189
012190
012194
012198
012206
012215
012233
012238
012246
012248
012250
012252
012256
012261
012269
012275
012293
012294
012295
012296
012312
012317
012318
012330
012332
012338
012341
012342
012345
012351
012352
012363
012368
012370
012380
012383
012384
012386
012388
012389
012391
012395
012397
012406
012409
012410
012412
012413
012418
012422
012425
012428
012430
012432
012434
012437
012439
012442
012445
012446
012459
012462
012467
012474
012480
012484
012485
012495
012515
012516
012525
012540
012551
012554
012555
012564
012569
012578
012581
012589
012603
012604
012612
012615
012628
012635
012640
012648
012668
012669
012672
012674
012679
012681
012685
012689
012693
012694
012708
012726
012734
012749
012756
012761
012775
012776
012785
012788
012790
012793
012796
012805
012806
012820
012825
012826
012842
012846
012868
012878
012884
012886
012892
012895
012903
012909
012929
012950
012955
012960
012968
012972
012978
012979
013003
013011
013018
013027
013028
013031
013033
013041
013042
013046
013051
013053
013054
013068
013071
013074
013075
013081
013092
013099
013114
013121
013124
013125
013133
013135
013145
013153
013166
013190
013196
013197
013200
013204
013227
013232
013264
013277
013285
013292
013294
013295
013302
013312
013318
013335
013341
013342
013351
013353
013354
013369
013380
013397
013405
013407
013417
013419
013421
013427
013428
013429
013431
013440
013444
013452
013453
013467
013469
013470
013475
013477
013486
013498
013499
013506
013510
013526
013527
013536
013540
013542
013556
013557
013559
013560
013561
013562
013566
013579
013584
013586
013587
013594
013597
013599
013611
013623
013628
013632
013633
013634
013644
013646
013653
013657
013680
013681
013683
013690
013694
013700
013708
013709
013710
013712
013714
013721
013745
013754
013779
013782
013822
013841
013851
013853
013855
013856
013870
013871
013878
013879
013894
013903
013905
013932
013934
013948
013961
013962
013963
013968
013971
013974
013975
013984
013988
013990
013992
013994
014006
014007
014014
014022
014027
014043
014049
014062
014065
014068
014076
014078
014084
014087
014096
014097
014100
014104
014105
014109
014114
014124
014129
014131
014134
014140
014152
014157
014163
014171
014172
014198
014199
014201
014218
014219
014221
014242
014244
014256
014261
014266
014269
014275
014277
014278
014282
014286
014287
014289
014291
014302
014304
014310
014312
014313
014316
014324
014330
014331
014333
014335
014339
014343
014344
014350
014351
014352
014353
014358
014359
014363
014364
014369
014370
014371
014372
014377
014384
014390
014391
014392
014396
014403
014405
014410
014412
014418
014426
014428
014429
014430
014432
014433
014436
014437
014438
014443
014446
014447
014448
014450
014453
014456
014458
014461
014466
014470
014472
014477
014489
014491
014495
014503
014516
014521
014529
014531
014535
014538
014550
014552
014555
014557
014559
014563
014580
014590
014591
014592
014593
014605
014609
014611
014615
014617
014620
014624
014628
014633
014635
014641
014648
014650
014652
014689
014787
014790
014793
014802
014808
014820
014822
014824
014827
014828
014830
014835
014854
014856
014868
014872
014873
014875
014878
014883
014884
014885
014890
014894
014895
014896
014899
014900
014902
014906
014908
014912
014919
014932
014934
014956
014960
014977
014987
014999
015007
015015
015023
015037
015042
015055
015060
015066
015070
015077
015081
015083
015084
015092
015093
015094
015102
015103
015104
015106
015110
015113
015117
015121
015123
015127
015133
015136
015142
015148
015150
015164
015165
015168
015171
015172
015173
015181
015202
015208
015234
015235
015243
015245
015246
015247
015248
015250
015251
015252
015257
015258
015260
015261
015262
015263
015267
015268
015269
015273
015274
015275
015276
015277
015286
015289
015290
015291
015294
015305
015307
015309
015312
015315
015319
015321
015323
015334
015337
015339
015340
015341
015342
015344
015346
015352
015360
015362
015363
015364
015383
015396
015403
015417
015424
015425
015426
015440
015444
015448
015458
015472
015487
015500
015503
015505
015508
015509
015520
015521
015532
015537
015545
015552
015576
015577
015580
015581
015582
015598
015607
015613
015617
015620
015627
015633
015634
015637
015659
015661
015664
015668
015672
015679
015704
015706
015708
015709
015710
015711
015724
015743
015763
015782
015784
015802
015855
015889
015929
016009
016051
016101
016116
016187
016227
016232
016238
016239
016243
016245
016348
016401
016408
016417
016423
016426
016428
016431
016432
016436
016456
016463
016464
016469
016473
016474
016475
016476
016477
016478
016479
016486
016492
016560
016582
016590
016597
016603
016630
016645
016648
016653
016661
016671
016681
016686
016721
016738
016751
016769
016784
016793
016802
016821
016861
016867
016878
016887
016892
016932
016936
016955
016961
016981
016986
016991
016996
017035
017059
017073
017074
017080
017095
017110
017115
017120
017130
017134
017137
017150
017197
017225
017233
017239
017243
017252
017254
017266
017306
017419
017420
017436
017452
017525
017530
017535
017542
017544
017556
017611
017687
017689
017699
017761
017765
017828
017899
017928
017933
017934
017946
017997
018004
018005
018012
018036
018086
018109
018145
018235
018246
018287
018293
018296
018312
018322
018364
018369
018383
018431
018432
018438
018465
018466
018467
018498
018553
018573
018597
018636
018675
018677
018679
018683
018699
018700
018701
018705
018729
018756
018774
018792
018841
018842
018872
018934
018957
018965
019021
019043
019071
019113
019151
019171
019190
019273
019311
019344
019349
019364
019377
019390
019398
019402
019417
019427
019439
019442
019484
019507
019517
019540
019565
019574
019578
019580
019581
019582
019613
019625
019637
019640
019644
019661
019744
019770
019788
019800
019843
019974
019985
019998
020021
020031
020064
020067
020099
020105
020115
020130
020134
020168
020185
020204
020218
020228
020232
020259
020294
020309
020338
020343
020344
020412
020417
020421
020423
020430
020487
020500
020502
020513
020521
020539
020570
020630
020653
020676
020686
020693
020695
020696
020722
020734
020739
020768
020769
020779
020783
020786
020893
020894
020895
020904
020907
020909
020967
020981
020993
021004
021019
021061
021124
021149
021154
021158
021244
021250
021332
021352
021381
021382
021431
021436
021437
021438
021441
021442
021444
021449
021454
021459
021487
021491
021496
021503
021504
021508
021515
021630
021701
021761
021793
021796
021801
021808
021816
021825
021845
021868
021894
022020
022039
022137
022140
022221
022250
022255
022260
022262
022325
022343
022405
022447
022583
022615
022632
022653
022668
022734
022741
022794
022815
022821
022829
022838
022839
022974
023002
023006
023025
023047
023067
023077
023083
023084
023093
023130
023146
023198
023199
023218
023220
023225
023250
023251
023252
023296
023353
023465
023466
023485
023540
023587
023592
023606
023667
023671
023697
023700
023713
023714
023767
023774
023787
023793
023798
023809
023810
023811
023820
023827
023848
023864
023877
023897
023929
023942
023945
023946
023961
023969
023978
023988
024005
024008
024010
024032
024066
024069
024076
024096
024105
024110
024157
024174
024186
024187
024190
024205
024216
024219
024220
024222
024224
024232
024233
024234
024283
024287
024291
024293
024302
024303
024317
024318
024319
024321
024326
024341
024351
024359
024361
024363
024364
024365
024368
024370
024379
024381
024384
024390
024393
024395
024396
024405
024415
024437
024438
024440
024447
024468
024469
024473
024483
024495
024503
024510
024522
024530
024531
024533
024537
024538
024539
024544
024597
024607
024608
024611
024616
024620
024625
024627
024638
024645
024655
024675
024678
024692
024701
024704
024707
024720
024725
024731
024743
024746
024747
024753
024757
024779
024782
024792
024800
024803
024810
024825
024840
024844
024849
024856
024858
024868
024869
024870
024876
024878
024879
024883
024885
024893
024894
024908
024910
024920
024925
024926
024931
024934
024943
024954
024965
024977
024979
024990
025021
025030
025046
025053
025056
025059
025070
025079
025082
025092
025094
025099
025119
025124
025130
025146
025154
025155
025157
025160
025167
025180
025190
025197
025202
025203
025212
025227
025275
025277
025279
025282
025283
025285
025291
025296
025305
025314
025323
025334
025338
025339
025340
025341
025356
025361
025365
025389
025405
025422
025424
025431
025434
025435
025480
025493
025495
025509
025515
025517
025536
025539
025541
025545
025554
025571
025573
025586
025587
025588
025592
025600
025611
025618
025627
025632
025633
025648
025658
025662
025682
025720
025721
025749
025751
025753
025755
025761
025762
025767
025777
025792
025807
025823
025848
025859
025862
025863
025870
025874
025877
025879
025893
025894
025895
025898
025913
025916
025921
025923
025927
025937
025950
025956
025961
025964
025965
025966
025972
025977
025978
025983
025985
025988
025991
025992
025994
026004
026008
026011
026013
026014
026017
026019
026021
026023
026050
026061
026069
026144
026156
026157
026304
026381
026495
026539
026590
026658
026709
026749
026812
026905
026999
027045
027333
027373
027393
027517
027638
027677
027706
027758
027766
027773
027780
027786
027792
027800
027802
027803
027842
027845
027846
027867
027882
027898
027908
027914
027923
027924
027928
027936
027957
027958
027961
027964
027965
027980
027985
027990
027991
028003
028004
028018
028026
028034
028075
028118
028119
028139
028145
028159
028160
028169
028170
028180
028191
028192
028194
028195
028207
028214
028216
028230
028248
028250
028255
028256
028259
028264
028272
028281
028286
028289
028295
028296
028298
028299
028303
028305
028317
028320
028322
028326
028332
028338
028340
028342
028349
028362
028378
028380
028381
028389
028391
028398
028409
028414
028442
028462
028471
028477
028497
028511
028518
028520
028539
028540
028543
028555
028561
028564
028574
028590
028600
028602
028603
028608
028609
028616
028622
028629
028635
028637
028648
028651
028667
028669
028676
028693
028701
028703
028706
028708
028719
028726
028731
028732
028733
028737
028742
028765
028766
028767
028768
028782
028790
028831
028838
028841
028844
028853
028858
028877
028883
028888
028893
028895
028897
028900
028902
028905
028919
028922
028924
028930
028933
028935
028936
028940
028949
028955
028994
028998
029001
029008
029011
029019
029022
029027
029028
029039
029052
029055
029070
029082
029097
029099
029100
029120
029123
029127
029131
029132
029133
029135
029138
029143
029144
029160
029161
029164
029169
029171
029173
029176
029178
029194
029223
029224
029233
029235
029246
029250
029269
029271
029274
029282
029286
029287
029309
029312
029316
029318
029329
029336
029338
029345
029353
029356
029357
029359
029365
029386
029387
029389
029392
029407
029429
029433
029453
029454
029475
029478
029492
029496
029497
029511
029543
029555
029580
029592
029606
029607
029635
029638
029642
029645
029647
029649
029690
029699
029701
029703
029707
029710
029723
029731
029733
029734
029746
029751
029755
029756
029767
029768
029775
029804
029806
029830
029840
029846
029849
029850
029854
029873
029875
029878
029891
029894
029898
029909
029929
029932
029942
029948
029953
029955
029968
029984
030006
030023
030024
030032
030068
030075
030087
030095
030098
030100
030112
030117
030128
030143
030152
030161
030165
030169
030170
030198
030200
030213
030218
030219
030227
030234
030255
030259
030283
030293
030298
030304
030312
030331
030344
030354
030369
030383
030384
030396
030399
030400
030403
030415
030431
030436
030443
030452
030462
030463
030465
030466
030471
030478
030490
030495
030501
030531
030534
030536
030538
030539
030557
030559
030580
030585
030598
030608
030617
030619
030626
030637
030644
030651
030662
030671
030679
030689
030695
030697
030699
030703
030718
030720
030731
030747
030751
030755
030778
030779
030783
030807
030821
030822
030828
030838
030841
030865
030870
030874
030883
030909
030912
030914
030923
030945
030947
030950
030965
030975
030986
030990
030994
031007
031009
031010
031016
031022
031038
031041
031101
031105
031137
031142
031162
031166
031203
031272
031392
031448
031454
031460
031475
031479
031498
031519
031525
031537
031549
031560
031564
031587
031596
031600
031616
031634
031643
031661
031667
031673
031683
031691
031693
031705
031707
031717
031720
031743
031755
031779
031786
031846
031858
031881
031882
031887
032280
060800
060814
060817
060825
060826
060827
060828
060829
060830
060832
060833
060835
060837
060839
060840
060841
060846
060848
060874
060875
060881
060890
060891
060892
060893
060894
060898
060900
060902
060904
060913
060914
060916
060921
060923
060970
060972
060978
060979
060992
060996
061034
061064
061067
061083
061084
061094
061103
061134
061153
061155
061163
061188
061213
061242
061263
061300
061302
061314
061320
061325
061329
061335
061338
061340
061349
061352
061385
061386
061388
061404
061405
061406
061408
061409
061413
061429
061436
061441
061481
061483
061489
061513
061522
061533
061534
061535
061548
061552
061562
061567
061570
061572
061574
061576
061591
061595
061596
061599
061616
061624
061676
061679
061685
061690
061700
061701
061702
061718
061730
061735
061738
061739
061740
061743
061745
061748
061760
061761
061763
061775
061781
061795
061798
061811
061839
061840
061859
061870
061871
061872
061877
061918
061922
062016
062036
062055
062064
062068
062069
062093
062152
062221
062229
062261
062266
062281
062290
062313
062317
062319
062330
062335
062337
062359
062363
062364
062374
062377
062391
062395
062396
062399
062406
062433
062441
062465
062471
062473
062489
062501
062516
062556
062557
062572
062574
062591
062599
062634
062640
062648
062655
062667
062671
062676
062684
062685
062689
062691
062705
062712
062730
062756
062761
062762
062784
062823
062824
062830
062836
062850
062855
062865
062870
062897
062898
062909
062915
062929
062965
062967
062977
062984
062986
062988
062990
063013
063016
063023
063048
063050
063052
063069
063077
063079
063085
063087
063107
063110
063111
063120
063123
063147
063158
063180
063192
063194
063196
063229
063278
063282
063288
063292
063296
063329
063398
063422
063424
063447
063455
063456
063459
063460
063464
063465
063477
063482
063483
063490
063493
063495
063500
063501
063506
063507
063527
063546
063547
063548
063549
063590
063597
063598
063600
063603
063604
063605
063607
063619
063621
063627
063637
063639
063643
063645
063657
063659
063669
063673
063679
063695
063705
063707
063716
063728
063734
063735
063736
063737
063755
063759
063766
063769
063775
063780
063791
063800
063812
063825
063847
063848
063870
063874
063876
063891
063892
063914
063917
063919
063920
063922
063939
063942
063951
063952
063959
063976
063980
063987
063990
064008
064017
064019
064030
064045
064048
064055
064063
064088
064096
064110
064117
064160
064165
064166
064180
064181
064216
064234
064262
064303
064306
064313
064329
064332
064341
064344
064346
064356
064357
064382
064389
064404
064423
064430
064480
064486
064536
064552
064602
064606
064621
064625
064634
064655
064690
064694
064723
064724
064739
064741
064745
064747
064768
064771
064789
064799
064813
064820
064821
064853
064867
064874
064876
064891
064910
064925
064943
064967
064976
064991
065006
065009
065013
065015
065018
065026
065048
065056
065074
065082
065084
065089
065090
065091
065092
065094
065095
065108
065135
065142
065144
065146
065148
065170
065184
065195
065220
065221
065222
065236
065239
065248
065251
065252
065275
065290
065292
065298
065304
065317
065324
065345
065350
065351
065399
065417
065423
065424
065448
065459
065474
065489
065501
065512
065519
065562
065576
065581
065590
065605
065606
065611
065614
065615
065630
065632
065643
065662
065669
065676
065679
065697
065702
065706
065708
065710
065711
065718
065764
065772
065776
065794
065795
065799
065803
065806
065819
065831
065870
065886
065901
065936
065962
065967
065972
066004
066016
066029
066049
066050
066060
066061
066065
066265
066277
066290
066293
066319
066354
066367
066368
066371
066392
066409
066414
066430
066435
066439
066440
066446
066452
066460
066477
066507
066544
066591
066599
066624
066630
066643
066646
066660
066673
066684
066698
066704
066707
066708
066714
066716
066729
066798
066866
066929
100011
100039
100075
100080
100103
100114
100135
100165
100243
100245
100338
100384
100418
100424
100557
100571
100572
100587
100590
100599
100609
100699
100737
100760
100806
100862
100873
100953
100956
101020
101076
101088
101096
101202
101204
101264
101289
101292
101310
101352
101361
101410
101559
101718
101936
102045
102089
102345
102422
102450
102617
102704
102983
103123
103124
103341
103342
104432
104598
104831
105089
105222
105365
105370
105397
105448
105547
105575
105590
105595
105900
105920
105999
106112
106129
106189
106368
106384
106464
106623
106709
106815
106881
107107
107249
107542
107682
107755
108071
108122
108297
108307
108391
108645
108692
108960
109185
109338
109580
109683
109929
110039
110065
110179
110288
110326
110382
110535
110536
110566
110576
110621
110680
110685
110732
110804
111168
111285
111321
111408
111489
111491
111493
111631
111723
111839
111868
111880
111939
111941
111961
111970
111974
112030
112033
112034
112040
112088
112116
112158
112168
112179
112184
112191
112453
112549
112550
112618
112672
112759
112778
112876
112904
113033
113140
113225
113274
113301
113419
113425
113439
113490
113491
113494
114303
114484
114524
114588
114608
114609
114610
114611
114612
114613
114628
114738
114748
114777
114789
114917
114920
115016
115044
115245
115336
115376
115377
115567
115687
115873
116029
116064
116104
116105
116124
116125
116144
116224
116304
116395
116414
116503
116526
116595
116609
116773
116857
116929
117145
117178
117179
117198
117263
117438
117578
117721
117722
117768
117781
117782
117783
117784
117801
117861
117881
117882
117902
117961
117981
118042
118081
118122
118227
118264
118284
118304
118321
118484
118502
118533
118577
118773
118793
118795
119053
119084
119273
119275
119314
119417
119477
119574
119597
119753
119756
120013
120093
120134
120178
120276
120278
120297
120301
120302
120359
120444
120458
120493
120595
120655
120719
120774
120794
120824
120835
120877
121033
121034
121194
121315
121382
121437
121533
121633
121718
121722
121755
121817
121844
121934
122017
122061
122076
122077
122096
122172
122194
122234
122257
122265
122266
122316
122337
122380
122514
122554
122574
122575
122594
122614
122634
122635
122814
122841
122934
123016
123097
123415
123455
123496
123500
123514
123534
123554
123556
123654
123674
123694
123754
123834
124014
124042
124046
124050
124074
124094
124114
124115
124176
124198
124254
124314
124321
124334
124358
124434
124441
124442
124554
124555
124556
124614
124617
124638
124874
124996
125094
125134
125194
125214
125294
125315
125378
125434
125533
125534
125535
125554
125575
125583
125595
125599
125714
125734
125754
125860
125863
126046
126056
126136
126154
126296
126322
126554
126555
126615
126634
126778
126874
126875
126894
126914
126934
126954
126994
127194
127214
127274
127316
127377
127480
127675
127754
127774
127775
127776
128178
128198
128218
128219
128238
128258
128278
128279
128339
128358
128378
128379
128398
128399
128400
128418
128419
128438
128458
128459
128478
128498
128518
128559
128659
128678
128679
128718
128759
128763
128978
129078
129418
129442
129472
129823
130138
130200
130305
130399
130520
130618
130762
130766
132502
132538
132698
132987
133104
133170
133289
133327
133346
133366
133367
133432
133444
133604
133767
133768
133945
134026
134451
134453
134845
134932
135264
135484
135669
135914
135969
135990
136009
136266
136267
136648
136684
136705
137024
137064
137131
137137
137150
137170
137232
137357
137433
137573
137600
137612
137820
137874
137943
138143
138205
138603
138741
138743
138861
138925
139134
139501
139662
139665
139804
140033
140073
140081
140206
140421
140541
140621
140674
140676
140760
140800
140821
140902
140905
140977
141138
141158
141239
141319
141321
141363
141382
141400
141462
141672
141720
141760
141845
141913
141982
141983
142230
142248
142260
142337
142339
142381
142382
142459
142460
142462
142540
142811
142952
142953
143073
143356
143357
143542
143870
144009
144066
144096
144097
144119
144396
144435
144496
144519
144520
144535
144559
144580
144640
144646
144647
144648
144848
144988
144998
145046
145049
145186
145227
145268
145269
145270
145271
145273
145274
145308
145347
145348
145350
145367
145472
145512
145552
145616
145701
145702
145729
145820
145872
145875
145877
145911
145914
145916
145933
145971
145972
145973
145974
145976
145977
145979
145981
145982
145984
146017
146020
146036
146074
146075
146132
146133
146137
146139
146140
146153
146156
146171
146194
146195
146196
146197
146199
146200
146206
146212
146213
146214
146215
146332
146411
146613
146617
146688
146714
146774
147175
147202
147204
147208
147222
147223
147242
147305
147310
147391
147565
147567
147568
147569
147570
147571
147572
147579
147600
147601
147637
147638
147644
147667
147811
147848
147988
148049
148209
148210
148213
148214
148215
148216
148217
148218
148220
148221
148223
148225
148250
148251
148252
148253
148254
148255
148256
148257
148258
148259
148261
148263
148265
148266
148267
148269
148270
148271
148272
148273
148276
148277
148278
148281
148282
148283
148284
148285
148286
148287
148288
148293
148294
148296
148309
148310
148311
148313
148314
148317
148318
148323
148327
148328
148329
148330
148331
148332
148349
148350
148351
148352
148353
148354
148355
148356
148359
148361
148362
148365
148370
148372
148389
148394
148414
148455
148473
148475
148476
148531
148650
148731
148770
148870
148930
148932
148950
148970
148971
148998
149030
149031
149049
149051
149052
149057
149058
149070
149089
149093
149177
149268
149297
149299
149318
149337
149578
149738
149782
150139
150201
150258
150277
150282
150306
150699
150837
150937
151016
151118
151277
151403
151404
151632
151708
151750
151772
151832
151930
152149
152189
152249
152291
152649
152670
152689
152692
152790
153028
153130
153250
153668
154056
154257
154313
154353
154354
154355
154357
154358
154359
154653
154755
154758
155133
155277
155313
155393
155394
155395
155728
155738
155897
155934
155969
155970
156093
156153
156383
156416
156417
156418
156537
156614
156654
156655
156656
156675
156676
156815
156816
156818
156819
156820
156861
156862
156863
156933
157053
157054
157057
157058
157075
157115
157116
157118
157153
157198
157353
157354
157355
157373
157433
157679
157855
157858
157859
157955
158354
158473
158741
158779
158912
160163
160181
160183
160191
160202
160207
160211
160225
160233
160250
160255
160256
160272
160282
160312
160317
160329
160341
160533
160541
160549
160570
160572
160580
160598
160601
160630
160632
160661
160670
160681
160682
160683
160684
160685
160718
160719
160780
160790
160838
160861
160865
160874
160892
160893
160912
160949
160958
160990
160991
161000
161013
161036
161039
161048
161056
161064
161072
161075
161120
161844
161877
161953
161966
161994
162076
162127
162129
162160
162198
162264
162272
162283
162336
162346
162385
162401
162448
162459
162506
162586
162610
162701
162720
162733
162739
162796
162870
162894
162897
162906
162909
162928
163036
163042
163113
163118
163120
163124
163429
163586
163610
163626
163627
163629
163669
163680
163697
163765
163768
163772
163877
163879
163890
163916
163921
163935
163939
163948
163963
163983
163984
164001
164002
164058
164086
164099
164109
164132
164169
164190
164247
164271
164296
164363
164408
164422
164433
164471
164494
164506
164543
164558
164606
164607
164660
164661
164668
164708
164756
164758
165052
165123
165164
165247
165252
165264
165358
165360
165371
165414
165466
165556
165640
165649
165652
165653
165675
165699
165702
165731
165734
165746
165844
165845
165846
165855
165856
165909
165993
166061
166199
166208
166357
166381
166433
166436
166451
166458
166477
166482
166554
166562
166593
166639
166705
166746
170297
170375
170384
170418
170527
170620
170627
170639
170716
170748
170750
170781
170791
170841
170965
171023
171049
171059
171078
171139
171235
174022
174049
174053
174108
174121
174130
174168
174169
174183
174185
174222
174265
174314
174317
174474
174490
174531
174656
174700
174703
174729
174875
174997
175006
175007
175087
175092
175110
175157
175163
175263
175308
175319
175343
175399
175426
175510
175688
175739
175741
175834
175900
175903
175982
175995
176040
176070
176096
176103
176239
176248
176249
176268
176282
176404
176523
176590
176595
176602
176639
176659
176711
176760
176833
176872
176899
176914
176928
176939
177067
177088
177108
177109
177124
177176
177216
177225
177264
177267
177287
177288
177303
177376
177397
177405
177429
177486
177487
177637
177697
177739
177745
177782
177827
177882
177884
177896
177953
177966
177983
177996
178084
178201
178327
178371
178405
178453
178507
178529
178538
178539
178540
178543
178568
178608
178610
178633
178684
178741
178798
178814
178851
178855
178863
178870
178921
179027
179046
179077
179094
179110
179216
179236
179437
179534
179577
179621
179657
179690
179700
179707
179741
179782
179819
179831
179846
179925
180016
180029
180145
180167
180193
180256
180270
180272
180395
180402
180405
180483
180652
180653
180659
180833
181104
181269
181745
181746
181904
181931
181989
182116
182331
182350
182701
182788
183187
183231
183257
183312
183366
183388
183570
183581
183635
183640
183667
183684
183791
183995
184035
184040
184058
184254
184258
184262
184287
184321
184323
184442
184449
184498
184500
184536
184537
184619
184651
184676
184700
184712
184725
184726
184748
184785
184796
184807
184868
184880
184899
184954
184996
185018
185179
185277
185291
185309
185318
185334
185337
185344
185355
185363
185370
185375
185429
185532
185549
185557
185584
185618
185624
185645
185654
185797
185894
185952
185953
185980
186139
186206
186276
186278
186310
186311
186342
186392
186431
186452
186497
186501
186590
186681
186773
186783
186845
186858
186960
186989
187075
187084
187128
187215
187255
187406
187491
187529
187551
187690
187698
187740
187766
187774
187812
187814
187833
187855
187958
187961
188255
188663
189459
189462
189490
189491
189517
189593
190957
191255
192255
194755
194956
197559
198355
199456
200033
200664
200976
201300
201792
201794
202421
203480
203890
204867
205874
205942
205950
206454
206457
206468
206703
208057
208068
208467
209341
209382
210216
210418
211009
211819
212538
212773
212778
212782
213437
213449
214526
214862
217200
219806
220235
220474
220487
220489
220507
220546
220579
220762
220940
221612
221616
221821
222111
222519
222642
223732
223911
224817
225240
225476
233397
233491
238616
241216
241366
243011
252819
252940
255798
258664
259837
260086
260298
260324
260408
260583
260778
260996
261215
263277
263562
264386
264388
264397
264509
265008
265188
266163
266257
266305
266315
270053
271710
272705
273499
275350
277561
277646
282189
285536
287882
295786
297209
311524
316056
